Wavlength (nm)	Coastal blue	Blue 475	green 531	Green 560	Red 650	Red 668	RedEdge 705	RedEdge 717	RedEdge 740	NIR
360	1.45519E-11	2.81024E-16	2.2846E-180	3.977E-67	0	0	0	0	0	1.19225E-86
361	2.6267E-11	5.22425E-16	2.8427E-178	1.82076E-66	0	0	0	0	0	2.70954E-86
362	4.70791E-11	9.65946E-16	3.4385E-176	8.27266E-66	0	0	0	0	0	6.14729E-86
363	8.37866E-11	1.77636E-15	4.0432E-174	3.73023E-65	0	0	0	0	0	1.39229E-85
364	1.48064E-10	3.24904E-15	4.6215E-172	1.66925E-64	0	0	0	0	0	3.14801E-85
365	2.59808E-10	5.91057E-15	5.1352E-170	7.41318E-64	0	0	0	0	0	7.10559E-85
366	4.52672E-10	1.06943E-14	5.5469E-168	3.26726E-63	0	0	0	0	0	1.60112E-84
367	7.83146E-10	1.92451E-14	5.8244E-166	1.42909E-62	0	0	0	0	0	3.60168E-84
368	1.34533E-09	3.4446E-14	5.9452E-164	6.20343E-62	0	0	0	0	0	8.08808E-84
369	2.29481E-09	6.13205E-14	5.8992E-162	2.6724E-61	0	0	0	0	0	1.8132E-83
370	3.88679E-09	1.08573E-13	5.6903E-160	1.14253E-60	0	0	0	0	0	4.05792E-83
371	6.53677E-09	1.91198E-13	5.3356E-158	4.84762E-60	0	0	0	0	0	9.06609E-83
372	1.0916E-08	3.34883E-13	4.8635E-156	2.04121E-59	0	0	0	0	0	2.02207E-82
373	1.81006E-08	5.83382E-13	4.3096E-154	8.52987E-59	0	0	0	0	0	4.50226E-82
374	2.98023E-08	1.01079E-12	3.7121E-152	3.53748E-58	0	0	0	0	0	1.00075E-81
375	4.87232E-08	1.74187E-12	3.1084E-150	1.45593E-57	0	0	0	0	0	2.22063E-81
376	7.90951E-08	2.98552E-12	2.5302E-148	5.94684E-57	0	0	0	0	0	4.91911E-81
377	1.27495E-07	5.08946E-12	2.0021E-146	2.41061E-56	0	0	0	0	0	1.08782E-80
378	2.04062E-07	8.62922E-12	1.54E-144	9.69762E-56	0	0	0	0	0	2.40151E-80
379	3.2431E-07	1.45519E-11	1.1516E-142	3.87168E-55	0	0	0	0	0	5.29263E-80
380	5.11785E-07	2.44071E-11	8.3706E-141	1.53402E-54	0	0	0	0	0	1.16444E-79
381	8.01941E-07	4.07157E-11	5.9148E-139	6.03194E-54	0	0	0	0	0	2.55754E-79
382	1.24775E-06	6.75545E-11	4.0629E-137	2.35386E-53	0	0	0	0	0	5.60772E-79
383	1.92769E-06	1.1148E-10	2.713E-135	9.11593E-53	0	0	0	0	0	1.22746E-78
384	2.95718E-06	1.82972E-10	1.7611E-133	3.50362E-52	0	0	0	0	0	2.68219E-78
385	4.50449E-06	2.98691E-10	1.1112E-131	1.33638E-51	0	0	0	0	0	5.85099E-78
386	6.81306E-06	4.84963E-10	6.8164E-130	5.05872E-51	0	0	0	0	0	1.27417E-77
387	1.02322E-05	7.83146E-10	4.0646E-128	1.90041E-50	0	0	0	0	0	2.77003E-77
388	1.52588E-05	1.25784E-09	2.3561E-126	7.08516E-50	0	0	0	0	0	6.01175E-77
389	2.25944E-05	2.00935E-09	1.3277E-124	2.62149E-49	0	0	0	0	0	1.3025E-76
390	3.32209E-05	3.19252E-09	7.2726E-123	9.62597E-49	0	0	0	0	0	2.81715E-76
391	4.85008E-05	5.045E-09	3.8726E-121	3.50782E-48	0	0	0	0	0	6.08278E-76
392	7.03096E-05	7.92932E-09	2.0046E-119	1.2686E-47	0	0	0	0	0	1.31115E-75
393	0.000101207	1.23954E-08	1.0087E-117	4.55314E-47	0	0	0	0	0	2.82139E-75
394	0.000144654	1.92722E-08	4.9343E-116	1.62178E-46	0	0	0	0	0	6.06083E-75
395	0.000205297	2.98023E-08	2.3463E-114	5.73286E-46	1.4087E-306	0	0	0	0	1.29975E-74
396	0.000289309	4.58372E-08	1.0846E-112	2.01116E-45	3.491E-304	0	0	0	0	2.78257E-74
397	0.000404827	7.01187E-08	4.8738E-111	7.00193E-45	8.4659E-302	0	0	0	0	5.94691E-74
398	0.000562477	1.06684E-07	2.129E-109	2.41928E-44	2.009E-299	0	0	0	0	1.26881E-73
399	0.000776012	1.6144E-07	9.0405E-108	8.29564E-44	4.6655E-297	0	0	0	0	2.70245E-73
400	0.001063068	2.4298E-07	3.7318E-106	2.823E-43	1.0602E-294	0	0	0	0	5.74618E-73
401	0.001446043	3.63731E-07	1.4975E-104	9.53385E-43	2.3577E-292	0	0	0	0	1.21972E-72
402	0.001953125	5.41548E-07	5.8415E-103	3.19538E-42	5.1307E-290	0	0	0	0	2.58463E-72
403	0.002619431	8.01941E-07	2.2151E-101	1.06285E-41	1.0926E-287	0	0	0	0	5.4676E-72
404	0.003488288	1.18113E-06	8.1655E-100	3.50849E-41	2.2768E-285	0	0	0	0	1.15466E-71
405	0.0046126	1.73021E-06	2.92605E-98	1.14938E-40	4.6429E-283	0	0	0	0	2.43427E-71
406	0.006056303	2.52085E-06	1.01928E-96	3.73683E-40	9.265E-281	0	0	0	0	5.12321E-71
407	0.007895827	3.65297E-06	3.45156E-95	1.2057E-39	1.8092E-278	0	0	0	0	1.0764E-70
408	0.010221531	5.26492E-06	1.1362E-93	3.86076E-39	3.4573E-276	0	0	0	0	2.2577E-70
409	0.013139006	7.54721E-06	3.63582E-92	1.22688E-38	6.4651E-274	0	0	0	0	4.72734E-70
410	0.016770166	1.07604E-05	1.13101E-90	3.86927E-38	1.1831E-271	0	0	0	0	9.88158E-70
411	0.021253991	1.52588E-05	3.42013E-89	1.21102E-37	2.1185E-269	0	0	0	0	2.06203E-69
412	0.026746802	2.15208E-05	1.00538E-87	3.76158E-37	3.7123E-267	0	0	0	0	4.29557E-69
413	0.033421928	3.01888E-05	2.87299E-86	1.15954E-36	6.3657E-265	0	0	0	0	8.93319E-69
414	0.041468603	4.21194E-05	7.98084E-85	3.5473E-36	1.0682E-262	0	0	0	0	1.8546E-68
415	0.051089962	5.84475E-05	2.15515E-83	1.07698E-35	1.754E-260	0	0	0	0	3.84374E-68
416	0.0625	8.06673E-05	5.65742E-82	3.24498E-35	2.8185E-258	0	0	0	0	7.95272E-68
417	0.075919392	0.000110733	1.44369E-80	9.70318E-35	4.432E-256	0	0	0	0	1.64262E-67
418	0.0915701	0.000151184	3.5813E-79	2.87947E-34	6.8198E-254	0	0	0	0	3.38701E-67
419	0.109668757	0.000205297	8.63617E-78	8.48022E-34	1.0269E-251	0	0	0	0	6.97195E-67
420	0.130418866	0.000277273	2.02449E-76	2.47855E-33	1.5132E-249	0	0	0	0	1.43269E-66
421	0.154001938	0.00037246	4.6134E-75	7.18929E-33	2.1819E-247	0	0	0	0	2.93905E-66
422	0.180567762	0.000497624	1.02198E-73	2.06952E-32	3.0788E-245	0	0	0	0	6.01896E-66
423	0.210224104	0.000661258	2.20077E-72	5.91223E-32	4.2513E-243	0	0	0	0	1.23054E-65
424	0.243026185	0.000873953	4.60702E-71	1.67621E-31	5.7445E-241	0	0	0	0	2.51146E-65
425	0.278966399	0.001148825	9.37517E-70	4.71631E-31	7.5957E-239	0	0	0	0	5.11702E-65
426	0.317964758	0.001501993	1.8546E-68	1.31696E-30	9.8284E-237	0	0	0	0	1.0408E-64
427	0.359860636	0.001953125	3.56645E-67	3.64955E-30	1.2445E-234	0	0	0	0	2.11337E-64
428	0.404406349	0.002526041	6.66706E-66	1.0037E-29	1.542E-232	0	0	0	0	4.28393E-64
429	0.451263131	0.003249368	1.21156E-64	2.73945E-29	1.8697E-230	0	0	0	0	8.66899E-64
430	0.5	0.004157246	2.14028E-63	7.42026E-29	2.2185E-228	0	0	0	0	1.75127E-63
431	0.550095918	0.005290061	3.67542E-62	1.99468E-28	2.576E-226	0	0	0	0	3.5318E-63
432	0.600945525	0.006695204	6.13561E-61	5.32135E-28	2.9269E-224	0	0	0	0	7.11048E-63
433	0.651868588	0.008427819	9.95682E-60	1.40886E-27	3.2544E-222	0	0	0	0	1.42909E-62
434	0.702123109	0.010551513	1.57071E-58	3.70178E-27	3.5411E-220	0	0	0	0	2.86734E-62
435	0.750921859	0.013139006	2.40872E-57	9.65271E-27	3.7704E-218	0	0	0	0	5.74326E-62
436	0.797451889	0.016272658	3.59079E-56	2.49796E-26	3.9285E-216	0	0	0	0	1.14841E-61
437	0.840896415	0.020044844	5.20362E-55	6.4153E-26	4.0055E-214	0	0	0	0	2.29241E-61
438	0.880458268	0.024558117	7.33051E-54	1.6351E-25	3.9966E-212	0	0	0	0	4.56821E-61
439	0.915383999	0.029925103	1.00387E-52	4.1359E-25	3.9022E-210	0	0	0	0	9.08783E-61
440	0.944987628	0.036268069	1.33638E-51	1.03823E-24	3.7284E-208	0	0	0	0	1.80481E-60
441	0.968672999	0.043718115	1.72941E-50	2.58649E-24	3.486E-206	0	0	0	0	3.57819E-60
442	0.985953722	0.052413917	2.1756E-49	6.39477E-24	3.1895E-204	0	0	0	0	7.08197E-60
443	0.996469781	0.0625	2.66056E-48	1.56905E-23	2.8557E-202	0	0	0	0	1.39927E-59
444	1	0.074124473	3.16287E-47	3.8207E-23	2.5021E-200	0	0	0	0	2.76001E-59
445	0.996469781	0.08743623	3.65512E-46	9.2331E-23	2.1452E-198	3.1004E-306	0	0	0	5.43471E-59
446	0.985953722	0.10258159	4.10615E-45	2.21436E-22	1.7999E-196	1.6798E-303	0	0	0	1.06832E-58
447	0.968672999	0.11970041	4.48416E-44	5.27042E-22	1.4778E-194	8.8474E-301	0	0	0	2.09645E-58
448	0.944987628	0.138921688	4.76036E-43	1.24491E-21	1.1873E-192	4.5299E-298	0	0	0	4.10703E-58
449	0.915383999	0.160358752	4.91261E-42	2.9183E-21	9.3349E-191	2.2546E-295	0	0	0	8.03211E-58
450	0.880458268	0.184104111	4.92831E-41	6.78916E-21	7.1821E-189	1.0908E-292	0	0	0	1.56816E-57
451	0.840896415	0.210224104	4.80614E-40	1.56747E-20	5.4074E-187	5.1307E-290	0	0	0	3.05639E-57
452	0.797451889	0.238753494	4.55626E-39	3.59153E-20	3.9839E-185	2.3458E-287	0	0	0	5.94684E-57
453	0.750921859	0.269690199	4.19887E-38	8.16687E-20	2.8723E-183	1.0426E-284	0	0	7.6248E-307	1.15511E-56
454	0.702123109	0.30299035	3.76158E-37	1.84301E-19	2.0265E-181	4.5048E-282	0	0	1.0274E-304	2.23985E-56
455	0.651868588	0.338563887	3.27583E-36	4.1276E-19	1.3991E-179	1.8921E-279	0	0	1.3608E-302	4.33583E-56
456	0.600945525	0.376270933	2.77323E-35	9.1741E-19	9.4525E-178	7.7253E-277	0	0	1.772E-300	8.37886E-56
457	0.550095918	0.415919145	2.28224E-34	2.02361E-18	6.2494E-176	3.0662E-274	0	0	2.2681E-298	1.61643E-55
458	0.5	0.457262258	1.8258E-33	4.42981E-18	4.0432E-174	1.1831E-271	0	0	2.8539E-296	3.11306E-55
459	0.451263131	0.5	1.41989E-32	9.62366E-18	2.5598E-172	4.4373E-269	0	0	3.5301E-294	5.98517E-55
460	0.404406349	0.54377953	1.07342E-31	2.07488E-17	1.5859E-170	1.6179E-266	0	0	4.2924E-292	1.14875E-54
461	0.359860636	0.588198496	7.88861E-31	4.43956E-17	9.6146E-169	5.7343E-264	0	0	5.1307E-290	2.20106E-54
462	0.317964758	0.632809757	5.63563E-30	9.42726E-17	5.7041E-167	1.9758E-261	0	0	6.0286E-288	4.21014E-54
463	0.278966399	0.677127773	3.91379E-29	1.98667E-16	3.3116E-165	6.6176E-259	0	0	6.9636E-286	8.03935E-54
464	0.243026185	0.72063656	2.6422E-28	4.15494E-16	1.8814E-163	2.1547E-256	0	0	7.907E-284	1.53251E-53
465	0.210224104	0.762799075	1.73399E-27	8.62381E-16	1.0459E-161	6.8198E-254	0	0	8.8259E-282	2.91639E-53
466	0.180567762	0.803067828	1.10622E-26	1.77636E-15	5.6903E-160	2.0984E-251	0	0	9.6844E-280	5.54046E-53
467	0.154001938	0.840896415	6.8604E-26	3.63126E-15	3.0294E-158	6.2762E-249	0	0	1.0446E-277	1.05076E-52
468	0.130418866	0.875751677	4.1359E-25	7.36685E-15	1.5782E-156	1.8249E-246	0	0	1.1077E-275	1.98941E-52
469	0.109668757	0.907126088	2.42384E-24	1.48321E-14	8.0458E-155	5.1579E-244	0	0	1.1546E-273	3.76011E-52
470	0.0915701	0.934549995	1.38086E-23	2.9636E-14	4.0139E-153	1.4172E-241	0	0	1.1831E-271	7.09474E-52
471	0.075919392	0.957603281	7.64734E-23	5.87669E-14	1.9595E-151	3.7853E-239	0	0	1.1917E-269	1.33638E-51
472	0.0625	0.975926058	4.11702E-22	1.15649E-13	9.3613E-150	9.8284E-237	0	0	1.18E-267	2.51295E-51
473	0.051089962	0.989228013	2.15461E-21	2.25865E-13	4.3764E-148	2.4807E-234	0	0	1.1486E-265	4.71733E-51
474	0.041468603	0.997296056	1.09615E-20	4.37777E-13	2.0021E-146	6.0868E-232	0	0	1.099E-263	8.8403E-51
475	0.033421928	1	5.42101E-20	8.42078E-13	8.9628E-145	1.4518E-229	0	0	1.0338E-261	1.65385E-50
476	0.026746802	0.997296056	2.60619E-19	1.60749E-12	3.9264E-143	3.3663E-227	0	0	9.559E-260	3.08876E-50
477	0.021253991	0.989228013	1.21799E-18	3.04538E-12	1.6832E-141	7.5875E-225	0	0	8.6889E-258	5.7588E-50
478	0.016770166	0.975926058	5.53343E-18	5.72572E-12	7.0613E-140	1.6625E-222	0	0	7.764E-256	1.07186E-49
479	0.013139006	0.957603281	2.44376E-17	1.06836E-11	2.8988E-138	3.5411E-220	0	0	6.8198E-254	1.9916E-49
480	0.010221531	0.934549995	1.04915E-16	1.97833E-11	1.1645E-136	7.332E-218	0	0	5.8888E-252	3.69425E-49
481	0.007895827	0.907126088	4.37851E-16	3.63561E-11	4.5778E-135	1.4758E-215	0	0	4.9986E-250	6.84082E-49
482	0.006056303	0.875751677	1.77636E-15	6.63059E-11	1.7611E-133	2.8876E-213	0	0	4.171E-248	1.26459E-48
483	0.0046126	0.840896415	7.00562E-15	1.20012E-10	6.6294E-132	5.4924E-211	0	0	3.4213E-246	2.33372E-48
484	0.003488288	0.803067828	2.68582E-14	2.15572E-10	2.4422E-130	1.0156E-208	0	0	2.7588E-244	4.29939E-48
485	0.002619431	0.762799075	1.00097E-13	3.84288E-10	8.8036E-129	1.8254E-206	0	0	2.1868E-242	7.90724E-48
486	0.001953125	0.72063656	3.62639E-13	6.79858E-10	3.1056E-127	3.1895E-204	0	0	1.704E-240	1.45178E-47
487	0.001446043	0.677127773	1.27715E-12	1.19365E-09	1.0721E-125	5.4175E-202	0	0	1.3052E-238	2.66094E-47
488	0.001063068	0.632809757	4.37245E-12	2.07984E-09	3.6215E-124	8.9453E-200	0	0	9.8284E-237	4.86888E-47
489	0.000776012	0.588198496	1.45519E-11	3.59651E-09	1.1971E-122	1.4358E-197	0	0	7.2752E-235	8.89368E-47
490	0.000562477	0.54377953	4.70791E-11	6.17204E-09	3.8726E-121	2.2404E-195	0	0	5.2938E-233	1.62178E-46
491	0.000404827	0.5	1.48064E-10	1.05117E-08	1.2259E-119	3.3982E-193	0	0	3.7867E-231	2.95232E-46
492	0.000289309	0.457262258	4.52672E-10	1.7767E-08	3.7974E-118	5.0107E-191	0	0	2.6627E-229	5.36527E-46
493	0.000205297	0.415919145	1.34533E-09	2.98023E-08	1.1511E-116	7.1821E-189	0	0	1.8406E-227	9.73373E-46
494	0.000144654	0.376270933	3.88679E-09	4.96116E-08	3.4146E-115	1.0007E-186	0	0	1.2507E-225	1.76289E-45
495	0.000101207	0.338563887	1.0916E-08	8.19622E-08	9.912E-114	1.3555E-184	0	0	8.3543E-224	3.18736E-45
496	7.03096E-05	0.30299035	2.98023E-08	1.34382E-07	2.8156E-112	1.7849E-182	0	0	5.4858E-222	5.753E-45
497	4.85008E-05	0.269690199	7.90951E-08	2.18657E-07	7.8266E-111	2.2846E-180	0	0	3.5411E-220	1.03661E-44
498	3.32209E-05	0.238753494	2.04062E-07	3.53088E-07	2.129E-109	2.8427E-178	0	0	2.247E-218	1.86465E-44
499	2.25944E-05	0.210224104	5.11785E-07	5.65846E-07	5.6671E-108	3.4385E-176	0	0	1.4016E-216	3.34841E-44
500	1.52588E-05	0.184104111	1.24775E-06	8.99935E-07	1.4762E-106	4.0432E-174	0	0	8.5946E-215	6.00257E-44
501	1.02322E-05	0.160358752	2.95718E-06	1.42043E-06	3.7628E-105	4.6215E-172	0	0	5.1807E-213	1.07422E-43
502	6.81306E-06	0.138921688	6.81306E-06	2.22498E-06	9.3861E-104	5.1352E-170	0	0	3.0699E-211	1.91916E-43
503	4.50449E-06	0.11970041	1.52588E-05	3.45882E-06	2.2911E-102	5.5469E-168	0	0	1.7882E-209	3.42284E-43
504	2.95718E-06	0.10258159	3.32209E-05	5.33613E-06	5.4726E-101	5.8244E-166	0	0	1.024E-207	6.09426E-43
505	1.92769E-06	0.08743623	7.03096E-05	8.16999E-06	1.2792E-99	5.9452E-164	0	0	5.764E-206	1.08321E-42
506	1.24775E-06	0.074124473	0.000144654	1.2414E-05	2.92605E-98	5.8992E-162	0	0	3.1895E-204	1.92205E-42
507	8.01941E-07	0.0625	0.000289309	1.87198E-05	6.54957E-97	5.6903E-160	0	0	1.735E-202	3.40468E-42
508	5.11785E-07	0.052413917	0.000562477	2.80147E-05	1.43462E-95	5.3356E-158	0	0	9.2774E-201	6.02067E-42
509	3.2431E-07	0.043718115	0.001063068	4.16071E-05	3.07506E-94	4.8635E-156	0	0	4.8767E-199	1.06285E-41
510	2.04062E-07	0.036268069	0.001953125	6.1326E-05	6.45006E-93	4.3096E-154	0	0	2.52E-197	1.87309E-41
511	1.27495E-07	0.029925103	0.003488288	8.97055E-05	1.32393E-91	3.7121E-152	0	0	1.2801E-195	3.29538E-41
512	7.90951E-08	0.024558117	0.006056303	0.000130224	2.65927E-90	3.1084E-150	0	0	6.392E-194	5.78774E-41
513	4.87232E-08	0.020044844	0.010221531	0.00018761	5.22697E-89	2.5302E-148	0	0	3.1377E-192	1.01478E-40
514	2.98023E-08	0.016272658	0.016770166	0.000268238	1.00538E-87	2.0021E-146	0	0	1.5141E-190	1.77621E-40
515	1.81006E-08	0.013139006	0.026746802	0.000380611	1.89237E-86	1.54E-144	0	0	7.1821E-189	3.10366E-40
516	1.0916E-08	0.010551513	0.041468603	0.000535967	3.48555E-85	1.1516E-142	0	0	3.3491E-187	5.41395E-40
517	6.53677E-09	0.008427819	0.0625	0.000749016	6.28248E-84	8.3706E-141	0	0	1.5352E-185	9.42784E-40
518	3.88679E-09	0.006695204	0.0915701	0.001038821	1.10811E-82	5.9148E-139	0	0	6.9179E-184	1.63896E-39
519	2.29481E-09	0.005290061	0.130418866	0.001429839	1.91262E-81	4.0629E-137	0	0	3.0644E-182	2.84436E-39
520	1.34533E-09	0.004157246	0.180567762	0.001953125	3.23048E-80	2.713E-135	0	0	1.3344E-180	4.92787E-39
521	7.83146E-10	0.003249368	0.243026185	0.002647704	5.33946E-79	1.7611E-133	0	0	5.7121E-179	8.523E-39
522	4.52672E-10	0.002526041	0.317964758	0.003562093	8.63617E-78	1.1112E-131	0	0	2.4036E-177	1.47158E-38
523	2.59808E-10	0.001953125	0.404406349	0.004755954	1.3669E-76	6.8164E-130	0	0	9.9429E-176	2.5365E-38
524	1.48064E-10	0.001501993	0.5	0.006301829	2.11713E-75	4.0646E-128	0	0	4.0432E-174	4.3646E-38
525	8.37866E-11	0.001148825	0.600945525	0.008286899	3.20884E-74	2.3561E-126	0	0	1.6162E-172	7.49744E-38
526	4.70791E-11	0.000873953	0.702123109	0.010814688	4.75931E-73	1.3277E-124	0	8.8697E-306	6.351E-171	1.2857E-37
527	2.6267E-11	0.000661258	0.797451889	0.014006591	6.90766E-72	7.2726E-123	0	1.3608E-302	2.4533E-169	2.20103E-37
528	1.45519E-11	0.000497624	0.880458268	0.018003105	9.81096E-71	3.8726E-121	0	2.009E-299	9.3161E-168	3.76158E-37
529	8.00495E-12	0.00037246	0.944987628	0.022964601	1.36359E-69	2.0046E-119	0	2.8539E-296	3.4776E-166	6.41762E-37
530	4.37245E-12	0.000277273	0.985953722	0.029071465	1.8546E-68	1.0087E-117	0	3.9009E-293	1.2761E-164	1.09304E-36
531	2.37148E-12	0.000205297	1	0.036523421	2.46837E-67	4.9343E-116	0	5.1307E-290	4.6033E-163	1.85848E-36
532	1.27715E-12	0.000151184	0.985953722	0.045537846	3.21486E-66	2.3463E-114	0	6.4932E-287	1.6324E-161	3.15455E-36
533	6.82959E-13	0.000110733	0.944987628	0.056346902	4.09738E-65	1.0846E-112	0	7.907E-284	5.6903E-160	5.34534E-36
534	3.62639E-13	8.06673E-05	0.880458268	0.069193312	5.11026E-64	4.8738E-111	0	9.265E-281	1.9499E-158	9.04217E-36
535	1.91198E-13	5.84475E-05	0.797451889	0.084324681	6.23697E-63	2.129E-109	0	1.0446E-277	6.5684E-157	1.52696E-35
536	1.00097E-13	4.21194E-05	0.702123109	0.101986294	7.44897E-62	9.0405E-108	0	1.1333E-274	2.1751E-155	2.57421E-35
537	5.20336E-14	3.01888E-05	0.600945525	0.122412405	8.70587E-61	3.7318E-106	0	1.1831E-271	7.0804E-154	4.33229E-35
538	2.68582E-14	2.15208E-05	0.5	0.14581613	9.95682E-60	1.4975E-104	0	1.1883E-268	2.2657E-152	7.27863E-35
539	1.37657E-14	1.52588E-05	0.404406349	0.172378152	1.11435E-58	5.8415E-103	0	1.1486E-265	7.1273E-151	1.22079E-34
540	7.00562E-15	1.07604E-05	0.317964758	0.202234566	1.22044E-57	2.2151E-101	0	1.0682E-262	2.204E-149	2.04405E-34
541	3.54017E-15	7.54721E-06	0.243026185	0.2354643	1.30799E-56	8.1655E-100	0	9.559E-260	6.6998E-148	3.41664E-34
542	1.77636E-15	5.26492E-06	0.180567762	0.272076649	1.37178E-55	2.92605E-98	0	8.231E-257	2.0021E-146	5.70121E-34
543	8.85043E-16	3.65297E-06	0.130418866	0.311999563	1.40785E-54	1.01928E-96	0	6.8198E-254	5.8812E-145	9.49715E-34
544	4.37851E-16	2.52085E-06	0.0915701	0.355069376	1.41391E-53	3.45156E-95	0	5.4371E-251	1.6983E-143	1.57935E-33
545	2.15089E-16	1.73021E-06	0.0625	0.401022706	1.38957E-52	1.1362E-93	0	4.171E-248	4.821E-142	2.62194E-33
546	1.04915E-16	1.18113E-06	0.041468603	0.449491233	1.33638E-51	3.63582E-92	3.8586E-305	3.0788E-245	1.3453E-140	4.34535E-33
547	5.0814E-17	8.01941E-07	0.026746802	0.5	1.25769E-50	1.13101E-90	2.5321E-301	2.1868E-242	3.6905E-139	7.18929E-33
548	2.44376E-17	5.41548E-07	0.016770166	0.551969777	1.15827E-49	3.42013E-89	1.572E-297	1.4945E-239	9.9519E-138	1.18742E-32
549	1.16698E-17	3.63731E-07	0.010221531	0.604723866	1.04386E-48	1.00538E-87	9.2334E-294	9.8284E-237	2.6381E-136	1.95788E-32
550	5.53343E-18	2.4298E-07	0.006056303	0.657499512	9.20583E-48	2.87299E-86	5.1307E-290	6.2192E-234	6.8746E-135	3.22272E-32
551	2.60528E-18	1.6144E-07	0.003488288	0.709463858	7.94471E-47	7.98084E-85	2.6971E-286	3.7867E-231	1.7611E-133	5.29565E-32
552	1.21799E-18	1.06684E-07	0.001953125	0.759734125	6.70944E-46	2.15515E-83	1.3414E-282	2.2185E-228	4.4347E-132	8.68709E-32
553	5.65406E-19	7.01187E-08	0.001063068	0.807401417	5.54481E-45	5.65742E-82	6.3113E-279	1.2507E-225	1.0978E-130	1.42262E-31
554	2.60619E-19	4.58372E-08	0.000562477	0.85155734	4.48416E-44	1.44369E-80	2.8093E-275	6.7842E-223	2.6714E-129	2.32574E-31
555	1.19283E-19	2.98023E-08	0.000289309	0.891322361	3.54868E-43	3.5813E-79	1.1831E-271	3.5411E-220	6.3905E-128	3.79571E-31
556	5.42101E-20	1.92722E-08	0.000144654	0.925874712	2.74819E-42	8.63617E-78	4.7133E-268	1.7784E-217	1.5028E-126	6.1842E-31
557	2.4463E-20	1.23954E-08	7.03096E-05	0.95447852	2.08266E-41	2.02449E-76	1.7765E-264	8.5946E-215	3.4739E-125	1.00585E-30
558	1.09615E-20	7.92932E-09	3.32209E-05	0.976509813	1.54448E-40	4.6134E-75	6.3345E-261	3.9966E-212	7.8943E-124	1.6332E-30
559	4.87702E-21	5.045E-09	1.52588E-05	0.991479137	1.12083E-39	1.02198E-73	2.1369E-257	1.7882E-209	1.7635E-122	2.64732E-30
560	2.15461E-21	3.19252E-09	6.81306E-06	0.999049633	7.9596E-39	2.20077E-72	6.8198E-254	7.699E-207	3.8726E-121	4.28383E-30
561	9.45175E-22	2.00935E-09	2.95718E-06	0.999049633	5.53139E-38	4.60702E-71	2.0591E-250	3.1895E-204	8.3598E-120	6.92017E-30
562	4.11702E-22	1.25784E-09	1.24775E-06	0.991479137	3.76158E-37	9.37517E-70	5.8817E-247	1.2714E-201	1.774E-118	1.11599E-29
563	1.78067E-22	7.83146E-10	5.11785E-07	0.976509813	2.50322E-36	1.8546E-68	1.5894E-243	4.8767E-199	3.7007E-117	1.79664E-29
564	7.64734E-23	4.84963E-10	2.04062E-07	0.95447852	1.63013E-35	3.56645E-67	4.0636E-240	1.7999E-196	7.589E-116	2.8875E-29
565	3.26112E-23	2.98691E-10	7.90951E-08	0.925874712	1.03881E-34	6.66706E-66	9.8284E-237	6.392E-194	1.5298E-114	4.63277E-29
566	1.38086E-23	1.82972E-10	2.98023E-08	0.891322361	6.47803E-34	1.21156E-64	2.2489E-233	2.1843E-191	3.0316E-113	7.42026E-29
567	5.80582E-24	1.1148E-10	1.0916E-08	0.85155734	3.95315E-33	2.14028E-63	4.8684E-230	7.1821E-189	5.9057E-112	1.18647E-28
568	2.42384E-24	6.75545E-11	3.88679E-09	0.807401417	2.36067E-32	3.67542E-62	9.9706E-227	2.2723E-186	1.1309E-110	1.89388E-28
569	1.00478E-24	4.07157E-11	1.34533E-09	0.759734125	1.3795E-31	6.13561E-61	1.9318E-223	6.9179E-184	2.129E-109	3.01791E-28
570	4.1359E-25	2.44071E-11	4.52672E-10	0.709463858	7.88861E-31	9.95682E-60	3.5411E-220	2.0265E-181	3.9398E-108	4.80086E-28
571	1.69043E-25	1.45519E-11	1.48064E-10	0.657499512	4.4144E-30	1.57071E-58	6.1407E-217	5.7121E-179	7.167E-107	7.62415E-28
572	6.8604E-26	8.62922E-12	4.70791E-11	0.604723866	2.41733E-29	2.40872E-57	1.0074E-213	1.5492E-176	1.2817E-105	1.20871E-27
573	2.7646E-26	5.08946E-12	1.45519E-11	0.551969777	1.29537E-28	3.59079E-56	1.5636E-210	4.0432E-174	2.2531E-104	1.91299E-27
574	1.10622E-26	2.98552E-12	4.37245E-12	0.5	6.79271E-28	5.20362E-55	2.296E-207	1.0153E-171	3.8935E-103	3.02246E-27
575	4.39522E-27	1.74187E-12	1.27715E-12	0.449491233	3.48566E-27	7.33051E-54	3.1895E-204	2.4533E-169	6.6141E-102	4.76724E-27
576	1.73399E-27	1.01079E-12	3.62639E-13	0.401022706	1.75033E-26	1.00387E-52	4.1917E-201	5.7041E-167	1.1045E-100	7.50642E-27
577	6.79271E-28	5.83382E-13	1.00097E-13	0.355069376	8.60101E-26	1.33638E-51	5.2117E-198	1.2761E-164	1.8132E-99	1.17993E-26
578	2.6422E-28	3.34883E-13	2.68582E-14	0.311999563	4.1359E-25	1.72941E-50	6.1304E-195	2.7471E-162	2.92605E-98	1.85157E-26
579	1.02051E-28	1.91198E-13	7.00562E-15	0.272076649	1.94619E-24	2.1756E-49	6.822E-192	5.6903E-160	4.64178E-97	2.90057E-26
580	3.91379E-29	1.08573E-13	1.77636E-15	0.2354643	8.96171E-24	2.66056E-48	7.1821E-189	1.1341E-157	7.23862E-96	4.53611E-26
581	1.49041E-29	6.13205E-14	4.37851E-16	0.202234566	4.03822E-23	3.16287E-47	7.1534E-186	2.1751E-155	1.10967E-94	7.0818E-26
582	5.63563E-30	3.4446E-14	1.04915E-16	0.172378152	1.78067E-22	3.65512E-46	6.7404E-183	4.0139E-153	1.67224E-93	1.10373E-25
583	2.11596E-30	1.92451E-14	2.44376E-17	0.14581613	7.68366E-22	4.10615E-45	6.0087E-180	7.1273E-151	2.47726E-92	1.71727E-25
584	7.88861E-31	1.06943E-14	5.53343E-18	0.122412405	3.24449E-21	4.48416E-44	5.0675E-177	1.2178E-148	3.60753E-91	2.66732E-25
585	2.92026E-31	5.91057E-15	1.21799E-18	0.101986294	1.34065E-20	4.76036E-43	4.0432E-174	2.0021E-146	5.16436E-90	4.1359E-25
586	1.07342E-31	3.24904E-15	2.60619E-19	0.084324681	5.42101E-20	4.91261E-42	3.0519E-171	3.1672E-144	7.26759E-89	6.40212E-25
587	3.91786E-32	1.77636E-15	5.42101E-20	0.069193312	2.14505E-19	4.92831E-41	2.1794E-168	4.821E-142	1.00538E-87	9.89319E-25
588	1.41989E-32	9.65946E-16	1.09615E-20	0.056346902	8.30588E-19	4.80614E-40	1.4724E-165	7.0613E-140	1.36722E-86	1.52619E-24
589	5.10963E-33	5.22425E-16	2.15461E-21	0.045537846	3.14723E-18	4.55626E-39	9.4106E-163	9.9519E-138	1.82774E-85	2.35038E-24
590	1.8258E-33	2.81024E-16	4.11702E-22	0.036523421	1.16698E-17	4.19887E-38	5.6903E-160	1.3496E-135	2.40191E-84	3.61348E-24
591	6.47803E-34	1.50353E-16	7.64734E-23	0.029071465	4.23439E-17	3.76158E-37	3.2551E-157	1.7611E-133	3.10289E-83	5.54592E-24
592	2.28224E-34	8.00067E-17	1.38086E-23	0.022964601	1.50353E-16	3.27583E-36	1.7616E-154	2.2112E-131	3.94042E-82	8.49728E-24
593	7.9838E-35	4.23439E-17	2.42384E-24	0.018003105	5.22425E-16	2.77323E-35	9.0196E-152	2.6714E-129	4.91911E-81	1.29971E-23
594	2.77323E-35	2.22896E-17	4.1359E-25	0.014006591	1.77636E-15	2.28224E-34	4.3689E-149	3.1056E-127	6.03667E-80	1.98458E-23
595	9.56509E-36	1.16698E-17	6.8604E-26	0.010814688	5.91057E-15	1.8258E-33	2.0021E-146	3.4739E-125	7.28242E-79	3.02518E-23
596	3.27583E-36	6.07675E-18	1.10622E-26	0.008286899	1.92451E-14	1.41989E-32	8.6797E-144	3.7392E-123	8.63617E-78	4.60355E-23
597	1.11399E-36	3.14723E-18	1.73399E-27	0.006301829	6.13205E-14	1.07342E-31	3.56E-141	3.8726E-121	1.00678E-76	6.99347E-23
598	3.76158E-37	1.62119E-18	2.6422E-28	0.004755954	1.91198E-13	7.88861E-31	1.3813E-138	3.8593E-119	1.15375E-75	1.0606E-22
599	1.26121E-37	8.30588E-19	3.91379E-29	0.003562093	5.83382E-13	5.63563E-30	5.0708E-136	3.7007E-117	1.29975E-74	1.60572E-22
600	4.19887E-38	4.2324E-19	5.63563E-30	0.002647704	1.74187E-12	3.91379E-29	1.7611E-133	3.4146E-115	1.43937E-73	2.42687E-22
601	1.38805E-38	2.14505E-19	7.88861E-31	0.001953125	5.08946E-12	2.6422E-28	5.7861E-131	3.0316E-113	1.56695E-72	3.66168E-22
602	4.55626E-39	1.08127E-19	1.07342E-31	0.001429839	1.45519E-11	1.73399E-27	1.7985E-128	2.5899E-111	1.67688E-71	5.51537E-22
603	1.48504E-39	5.42101E-20	1.41989E-32	0.001038821	4.07157E-11	1.10622E-26	5.2888E-126	2.129E-109	1.76408E-70	8.29331E-22
604	4.80614E-40	2.70318E-20	1.8258E-33	0.000749016	1.1148E-10	6.8604E-26	1.4714E-123	1.684E-107	1.82432E-69	1.24491E-21
605	1.54448E-40	1.34065E-20	2.28224E-34	0.000535967	2.98691E-10	4.1359E-25	3.8726E-121	1.2817E-105	1.8546E-68	1.86556E-21
606	4.92831E-41	6.61313E-21	2.77323E-35	0.000380611	7.83146E-10	2.42384E-24	9.6427E-119	9.3861E-104	1.85339E-67	2.79086E-21
607	1.5615E-41	3.24449E-21	3.27583E-36	0.000268238	2.00935E-09	1.38086E-23	2.2715E-116	6.6141E-102	1.82076E-66	4.16799E-21
608	4.91261E-42	1.58319E-21	3.76158E-37	0.00018761	5.045E-09	7.64734E-23	5.0623E-114	4.4848E-100	1.75834E-65	6.21403E-21
609	1.53466E-42	7.68366E-22	4.19887E-38	0.000130224	1.23954E-08	4.11702E-22	1.0673E-111	2.92605E-98	1.66925E-64	9.24865E-21
610	4.76036E-43	3.70895E-22	4.55626E-39	8.97055E-05	2.98023E-08	2.15461E-21	2.129E-109	1.83696E-96	1.55778E-63	1.37418E-20
611	1.46621E-43	1.78067E-22	4.80614E-40	6.1326E-05	7.01187E-08	1.09615E-20	4.0175E-107	1.10967E-94	1.42909E-62	2.03829E-20
612	4.48416E-44	8.50281E-23	4.92831E-41	4.16071E-05	1.6144E-07	5.42101E-20	7.1724E-105	6.45006E-93	1.28878E-61	3.0182E-20
613	1.36174E-44	4.03822E-23	4.91261E-42	2.80147E-05	3.63731E-07	2.60619E-19	1.2114E-102	3.60753E-91	1.14253E-60	4.46157E-20
614	4.10615E-45	1.90751E-23	4.76036E-43	1.87198E-05	8.01941E-07	1.21799E-18	1.9356E-100	1.94148E-89	9.95682E-60	6.58396E-20
615	1.22943E-45	8.96171E-24	4.48416E-44	1.2414E-05	1.73021E-06	5.53343E-18	2.92605E-98	1.00538E-87	8.52987E-59	9.69941E-20
616	3.65512E-46	4.18758E-24	4.10615E-45	8.16999E-06	3.65297E-06	2.44376E-17	4.18462E-96	5.00963E-86	7.18341E-58	1.42647E-19
617	1.07901E-46	1.94619E-24	3.65512E-46	5.33613E-06	7.54721E-06	1.04915E-16	5.66172E-94	2.40191E-84	5.94684E-57	2.09429E-19
618	3.16287E-47	8.99608E-25	3.16287E-47	3.45882E-06	1.52588E-05	4.37851E-16	7.247E-92	1.10811E-82	4.8396E-56	3.06953E-19
619	9.20583E-48	4.1359E-25	2.66056E-48	2.22498E-06	3.01888E-05	1.77636E-15	8.77579E-90	4.91911E-81	3.87168E-55	4.49123E-19
620	2.66056E-48	1.89119E-25	2.1756E-49	1.42043E-06	5.84475E-05	7.00562E-15	1.00538E-87	2.10119E-79	3.04478E-54	6.5602E-19
621	7.63506E-49	8.60101E-26	1.72941E-50	8.99935E-07	0.000110733	2.68582E-14	1.08967E-85	8.63617E-78	2.35386E-53	9.56595E-19
622	2.1756E-49	3.89055E-26	1.33638E-51	5.65846E-07	0.000205297	1.00097E-13	1.11731E-83	3.41549E-76	1.78884E-52	1.39251E-18
623	6.15567E-50	1.75033E-26	1.00387E-52	3.53088E-07	0.00037246	3.62639E-13	1.08386E-81	1.29975E-74	1.33638E-51	2.02361E-18
624	1.72941E-50	7.83212E-27	7.33051E-54	2.18657E-07	0.000661258	1.27715E-12	9.9469E-80	4.75931E-73	9.81424E-51	2.93571E-18
625	4.82448E-51	3.48566E-27	5.20362E-55	1.34382E-07	0.001148825	4.37245E-12	8.63617E-78	1.67688E-71	7.08516E-50	4.25166E-18
626	1.33638E-51	1.54291E-27	3.59079E-56	8.19622E-08	0.001953125	1.45519E-11	7.09368E-76	5.68511E-70	5.02817E-49	6.147E-18
627	3.67569E-52	6.79271E-28	2.40872E-57	4.96116E-08	0.003249368	4.70791E-11	5.51239E-74	1.8546E-68	3.50782E-48	8.8721E-18
628	1.00387E-52	2.97436E-28	1.57071E-58	2.98023E-08	0.005290061	1.48064E-10	4.05253E-72	5.82156E-67	2.40564E-47	1.27835E-17
629	2.72233E-53	1.29537E-28	9.95682E-60	1.7767E-08	0.008427819	4.52672E-10	2.81858E-70	1.75834E-65	1.62178E-46	1.83878E-17
630	7.33051E-54	5.611E-29	6.13561E-61	1.05117E-08	0.013139006	1.34533E-09	1.8546E-68	5.11026E-64	1.07479E-45	2.6404E-17
631	1.96E-54	2.41733E-29	3.67542E-62	6.17204E-09	0.020044844	3.88679E-09	1.15449E-66	1.42909E-62	7.00193E-45	3.78502E-17
632	5.20362E-55	1.03581E-29	2.14028E-63	3.59651E-09	0.029925103	1.0916E-08	6.79902E-65	3.8455E-61	4.48416E-44	5.41658E-17
633	1.37178E-55	4.4144E-30	1.21156E-64	2.07984E-09	0.043718115	2.98023E-08	3.78809E-63	9.95682E-60	2.823E-43	7.73822E-17
634	3.59079E-56	1.87116E-30	6.66706E-66	1.19365E-09	0.0625	7.90951E-08	1.99669E-61	2.48065E-58	1.74706E-42	1.10361E-16
635	9.33306E-57	7.88861E-31	3.56645E-67	6.79858E-10	0.08743623	2.04062E-07	9.95682E-60	5.94684E-57	1.06285E-41	1.57127E-16
636	2.40872E-57	3.30778E-31	1.8546E-68	3.84288E-10	0.11970041	5.11785E-07	4.69729E-58	1.37178E-55	6.3563E-41	2.23327E-16
637	6.17274E-58	1.3795E-31	9.37517E-70	2.15572E-10	0.160358752	1.24775E-06	2.09649E-56	3.04478E-54	3.73683E-40	3.16879E-16
638	1.57071E-58	5.72209E-32	4.60702E-71	1.20012E-10	0.210224104	2.95718E-06	8.85226E-55	6.50288E-53	2.15958E-39	4.48852E-16
639	3.96867E-59	2.36067E-32	2.20077E-72	6.63059E-11	0.269690199	6.81306E-06	3.53617E-53	1.33638E-51	1.22688E-38	6.34704E-16
640	9.95682E-60	9.68647E-33	1.02198E-73	3.63561E-11	0.338563887	1.52588E-05	1.33638E-51	2.6426E-50	6.85177E-38	8.95981E-16
641	2.48042E-60	3.95315E-33	4.6134E-75	1.97833E-11	0.415919145	3.32209E-05	4.77799E-50	5.02817E-49	3.76158E-37	1.26266E-15
642	6.13561E-61	1.60461E-33	2.02449E-76	1.06836E-11	0.5	7.03096E-05	1.61614E-48	9.20583E-48	2.03004E-36	1.77636E-15
643	1.50702E-61	6.47803E-34	8.63617E-78	5.72572E-12	0.588198496	0.000144654	5.17164E-47	1.62178E-46	1.07698E-35	2.49479E-15
644	3.67542E-62	2.60115E-34	3.5813E-79	3.04538E-12	0.677127773	0.000289309	1.56565E-45	2.74915E-45	5.61663E-35	3.49781E-15
645	8.9007E-63	1.03881E-34	1.44369E-80	1.60749E-12	0.762799075	0.000562477	4.48416E-44	4.48416E-44	2.87947E-34	4.89573E-15
646	2.14028E-63	4.12624E-35	5.65742E-82	8.42078E-13	0.840896415	0.001063068	1.21502E-42	7.03783E-43	1.45116E-33	6.84066E-15
647	5.11026E-64	1.63013E-35	2.15515E-83	4.37777E-13	0.907126088	0.001953125	3.11461E-41	1.06285E-41	7.18929E-33	9.54194E-15
648	1.21156E-64	6.40525E-36	7.98084E-85	2.25865E-13	0.957603281	0.003488288	7.55339E-40	1.54448E-40	3.50125E-32	1.32872E-14
649	2.85217E-65	2.50322E-36	2.87299E-86	1.15649E-13	0.989228013	0.006056303	1.733E-38	2.15958E-39	1.67621E-31	1.8471E-14
650	6.66706E-66	9.72996E-37	1.00538E-87	5.87669E-14	1	0.010221531	3.76158E-37	2.90557E-38	7.88861E-31	2.56334E-14
651	1.54747E-66	3.76158E-37	3.42013E-89	2.9636E-14	0.989228013	0.016770166	7.72434E-36	3.76158E-37	3.64955E-30	3.55124E-14
652	3.56645E-67	1.44637E-37	1.13101E-90	1.48321E-14	0.957603281	0.026746802	1.50062E-34	4.68582E-36	1.65976E-29	4.91148E-14
653	8.16168E-68	5.53139E-38	3.63582E-92	7.36685E-15	0.907126088	0.041468603	2.75801E-33	5.61663E-35	7.42026E-29	6.78117E-14
654	1.8546E-68	2.10397E-38	1.1362E-93	3.63126E-15	0.840896415	0.0625	4.79556E-32	6.47803E-34	3.26107E-28	9.34662E-14
655	4.18457E-69	7.9596E-39	3.45156E-95	1.77636E-15	0.762799075	0.0915701	7.88861E-31	7.18929E-33	1.40886E-27	1.28607E-13
656	9.37517E-70	2.99497E-39	1.01928E-96	8.62381E-16	0.677127773	0.130418866	1.22766E-29	7.67724E-32	5.98333E-27	1.76657E-13
657	2.08562E-70	1.12083E-39	2.92605E-98	4.15494E-16	0.588198496	0.180567762	1.80749E-28	7.88861E-31	2.49796E-26	2.42247E-13
658	4.60702E-71	4.17194E-40	8.1655E-100	1.98667E-16	0.5	0.243026185	2.51762E-27	7.79959E-30	1.02517E-25	3.31622E-13
659	1.01049E-71	1.54448E-40	2.2151E-101	9.42726E-17	0.415919145	0.317964758	3.31758E-26	7.42026E-29	4.1359E-25	4.53198E-13
660	2.20077E-72	5.68691E-41	5.8415E-103	4.43956E-17	0.338563887	0.404406349	4.1359E-25	6.79271E-28	1.64026E-24	6.18288E-13
661	4.75931E-73	2.08266E-41	1.4975E-104	2.07488E-17	0.269690199	0.5	4.87795E-24	5.98333E-27	6.39477E-24	8.42078E-13
662	1.02198E-73	7.58592E-42	3.7318E-106	9.62366E-18	0.210224104	0.600945525	5.44279E-23	5.07129E-26	2.45077E-23	1.14491E-12
663	2.17905E-74	2.74819E-42	9.0405E-108	4.42981E-18	0.160358752	0.702123109	5.74544E-22	4.1359E-25	9.2331E-23	1.554E-12
664	4.6134E-75	9.90222E-43	2.129E-109	2.02361E-18	0.11970041	0.797451889	5.73777E-21	3.24563E-24	3.41948E-22	2.10567E-12
665	9.69849E-76	3.54868E-43	4.8738E-111	9.1741E-19	0.08743623	0.880458268	5.42101E-20	2.45077E-23	1.24491E-21	2.84831E-12
666	2.02449E-76	1.26488E-43	1.0846E-112	4.1276E-19	0.0625	0.944987628	4.84546E-19	1.78067E-22	4.45539E-21	3.8463E-12
667	4.19618E-77	4.48416E-44	2.3463E-114	1.84301E-19	0.043718115	0.985953722	4.09739E-18	1.24491E-21	1.56747E-20	5.1851E-12
668	8.63617E-78	1.5811E-44	4.9343E-116	8.16687E-20	0.029925103	1	3.27791E-17	8.37475E-21	5.42101E-20	6.97799E-12
669	1.76489E-78	5.54481E-45	1.0087E-117	3.59153E-20	0.020044844	0.985953722	2.48088E-16	5.42101E-20	1.84301E-19	9.3748E-12
670	3.5813E-79	1.93403E-45	2.0046E-119	1.56747E-20	0.013139006	0.944987628	1.77636E-15	3.37649E-19	6.15947E-19	1.25734E-11
671	7.21594E-80	6.70944E-46	3.8726E-121	6.78916E-21	0.008427819	0.880458268	1.2033E-14	2.02361E-18	2.02361E-18	1.68346E-11
672	1.44369E-80	2.31504E-46	7.2726E-123	2.9183E-21	0.005290061	0.797451889	7.7114E-14	1.16698E-17	6.53545E-18	2.25014E-11
673	2.86802E-81	7.94471E-47	1.3277E-124	1.24491E-21	0.003249368	0.702123109	4.67532E-13	6.47554E-17	2.07488E-17	3.00246E-11
674	5.65742E-82	2.71173E-47	2.3561E-126	5.27042E-22	0.001953125	0.600945525	2.68168E-12	3.45752E-16	6.47554E-17	3.99948E-11
675	1.10811E-82	9.20583E-48	4.0646E-128	2.21436E-22	0.001148825	0.5	1.45519E-11	1.77636E-15	1.98667E-16	5.31848E-11
676	2.15515E-83	3.10834E-48	6.8164E-130	9.2331E-23	0.000661258	0.404406349	7.47052E-11	8.78156E-15	5.99163E-16	7.06043E-11
677	4.16197E-84	1.04386E-48	1.1112E-131	3.8207E-23	0.00037246	0.317964758	3.62827E-10	4.17724E-14	1.77636E-15	9.35693E-11
678	7.98084E-85	3.4866E-49	1.7611E-133	1.56905E-23	0.000205297	0.243026185	1.66711E-09	1.91198E-13	5.17705E-15	1.23792E-10
679	1.51959E-85	1.15827E-49	2.713E-135	6.39477E-24	0.000110733	0.180567762	7.24684E-09	8.42078E-13	1.48321E-14	1.63499E-10
680	2.87299E-86	3.82709E-50	4.0629E-137	2.58649E-24	5.84475E-05	0.130418866	2.98023E-08	3.5686E-12	4.17724E-14	2.15572E-10
681	5.39347E-87	1.25769E-50	5.9148E-139	1.03823E-24	3.01888E-05	0.0915701	1.1595E-07	1.45519E-11	1.15649E-13	2.83746E-10
682	1.00538E-87	4.11082E-51	8.3706E-141	4.1359E-25	1.52588E-05	0.0625	4.26781E-07	5.70976E-11	3.14749E-13	3.72843E-10
683	1.8609E-88	1.33638E-51	1.1516E-142	1.6351E-25	7.54721E-06	0.041468603	1.48614E-06	2.15572E-10	8.42078E-13	4.89081E-10
684	3.42013E-89	4.32097E-52	1.54E-144	6.4153E-26	3.65297E-06	0.026746802	4.89588E-06	7.83146E-10	2.21466E-12	6.40463E-10
685	6.24151E-90	1.38957E-52	2.0021E-146	2.49796E-26	1.73021E-06	0.016770166	1.52588E-05	2.73759E-09	5.72572E-12	8.37271E-10
686	1.13101E-90	4.44454E-53	2.5302E-148	9.65271E-27	8.01941E-07	0.010221531	4.49911E-05	9.20813E-09	1.45519E-11	1.09269E-09
687	2.03503E-91	1.41391E-53	3.1084E-150	3.70178E-27	3.63731E-07	0.006056303	0.000125502	2.98023E-08	3.63561E-11	1.4236E-09
688	3.63582E-92	4.47368E-54	3.7121E-152	1.40886E-27	1.6144E-07	0.003488288	0.000331202	9.28121E-08	8.92897E-11	1.85155E-09
689	6.45006E-93	1.40785E-54	4.3096E-154	5.32135E-28	7.01187E-08	0.001953125	0.0008269	2.78122E-07	2.15572E-10	2.40405E-09
690	1.1362E-93	4.40652E-55	4.8635E-156	1.99468E-28	2.98023E-08	0.001063068	0.001953125	8.01941E-07	5.11624E-10	3.11609E-09
691	1.98733E-94	1.37178E-55	5.3356E-158	7.42026E-29	1.23954E-08	0.000562477	0.004364403	2.22498E-06	1.19365E-09	4.03213E-09
692	3.45156E-95	4.24736E-56	5.6903E-160	2.73945E-29	5.045E-09	0.000289309	0.009226505	5.93998E-06	2.73759E-09	5.20857E-09
693	5.95237E-96	1.30799E-56	5.8992E-162	1.0037E-29	2.00935E-09	0.000144654	0.01845301	1.52588E-05	6.17204E-09	6.71677E-09
694	1.01928E-96	4.00623E-57	5.9452E-164	3.64955E-30	7.83146E-10	7.03096E-05	0.034915223	3.77165E-05	1.3679E-08	8.64693E-09
695	1.7331E-97	1.22044E-57	5.8244E-166	1.31696E-30	2.98691E-10	3.32209E-05	0.0625	8.97055E-05	2.98023E-08	1.11128E-08
696	2.92605E-98	3.69782E-58	5.5469E-168	4.71631E-31	1.1148E-10	1.52588E-05	0.105843164	0.000205297	6.3828E-08	1.42574E-08
697	4.9053E-99	1.11435E-58	5.1352E-170	1.67621E-31	4.07157E-11	6.81306E-06	0.169575541	0.000452087	1.34382E-07	1.82607E-08
698	8.1655E-100	3.34001E-59	4.6215E-172	5.91223E-32	1.45519E-11	2.95718E-06	0.257028457	0.00095794	2.78122E-07	2.33483E-08
699	1.3497E-100	9.95682E-60	4.0432E-174	2.06952E-32	5.08946E-12	1.24775E-06	0.368567304	0.001953125	5.65846E-07	2.98023E-08
700	2.2151E-101	2.95218E-60	3.4385E-176	7.18929E-33	1.74187E-12	5.11785E-07	0.5	0.003831758	1.13169E-06	3.79755E-08
701	3.6099E-102	8.70587E-61	2.8427E-178	2.47855E-33	5.83382E-13	2.04062E-07	0.641712949	0.007233396	2.22498E-06	4.83077E-08
702	5.8415E-103	2.55347E-61	2.2846E-180	8.48022E-34	1.91198E-13	7.90951E-08	0.77916458	0.013139006	4.30021E-06	6.13463E-08
703	9.3861E-104	7.44897E-62	1.7849E-182	2.87947E-34	6.13205E-14	2.98023E-08	0.895025071	0.022964601	8.16999E-06	7.77712E-08
704	1.4975E-104	2.16128E-62	1.3555E-184	9.70318E-35	1.92451E-14	1.0916E-08	0.972654947	0.038621702	1.52588E-05	9.84255E-08
705	2.3724E-105	6.23697E-63	1.0007E-186	3.24498E-35	5.91057E-15	3.88679E-09	1	0.0625	2.80147E-05	1.24353E-07
706	3.7318E-106	1.79013E-63	7.1821E-189	1.07698E-35	1.77636E-15	1.34533E-09	0.972654947	0.097320591	5.05614E-05	1.56842E-07
707	5.829E-107	5.11026E-64	5.0107E-191	3.5473E-36	5.22425E-16	4.52672E-10	0.895025071	0.14581613	8.97055E-05	1.97482E-07
708	9.0405E-108	1.45094E-64	3.3982E-193	1.15954E-36	1.50353E-16	1.48064E-10	0.77916458	0.210224104	0.000156454	2.48228E-07
709	1.3922E-108	4.09738E-65	2.2404E-195	3.76158E-37	4.23439E-17	4.70791E-11	0.641712949	0.29163226	0.000268238	3.11483E-07
710	2.129E-109	1.15083E-65	1.4358E-197	1.21102E-37	1.16698E-17	1.45519E-11	0.5	0.389282363	0.000452087	3.9019E-07
711	3.2326E-110	3.21486E-66	8.9453E-200	3.86927E-38	3.14723E-18	4.37245E-12	0.368567304	0.5	0.000749016	4.87951E-07
712	4.8738E-111	8.93227E-67	5.4175E-202	1.22688E-38	8.30588E-19	1.27715E-12	0.257028457	0.617947233	0.001219908	6.09166E-07
713	7.2963E-112	2.46837E-67	3.1895E-204	3.86076E-39	2.14505E-19	3.62639E-13	0.169575541	0.734867246	0.001953125	7.59196E-07
714	1.0846E-112	6.78432E-68	1.8254E-206	1.2057E-39	5.42101E-20	1.00097E-13	0.105843164	0.840896415	0.003073975	9.44562E-07
715	1.6009E-113	1.8546E-68	1.0156E-208	3.73683E-40	1.34065E-20	2.68582E-14	0.0625	0.925874712	0.004755954	1.17318E-06
716	2.3463E-114	5.04248E-69	5.4924E-211	1.14938E-40	3.24449E-21	7.00562E-15	0.034915223	0.980930088	0.007233396	1.45466E-06
717	3.4146E-115	1.36359E-69	2.8876E-213	3.50849E-41	7.68366E-22	1.77636E-15	0.01845301	1	0.010814688	1.80059E-06
718	4.9343E-116	3.66753E-70	1.4758E-215	1.06285E-41	1.78067E-22	4.37851E-16	0.009226505	0.980930088	0.015894719	2.22498E-06
719	7.08E-117	9.81096E-71	7.332E-218	3.19538E-42	4.03822E-23	1.04915E-16	0.004364403	0.925874712	0.022964601	2.74471E-06
720	1.0087E-117	2.61034E-71	3.5411E-220	9.53385E-43	8.96171E-24	2.44376E-17	0.001953125	0.840896415	0.032616107	3.38007E-06
721	1.427E-118	6.90766E-72	1.6625E-222	2.823E-43	1.94619E-24	5.53343E-18	0.0008269	0.734867246	0.045537846	4.15541E-06
722	2.0046E-119	1.81808E-72	7.5875E-225	8.29564E-44	4.1359E-25	1.21799E-18	0.000331202	0.617947233	0.0625	5.09989E-06
723	2.7961E-120	4.75931E-73	3.3663E-227	2.41928E-44	8.60101E-26	2.60619E-19	0.000125502	0.5	0.084324681	6.24837E-06
724	3.8726E-121	1.23914E-73	1.4518E-229	7.00193E-45	1.75033E-26	5.42101E-20	4.49911E-05	0.389282363	0.111839845	7.64243E-06
725	5.3257E-122	3.20884E-74	6.0868E-232	2.01116E-45	3.48566E-27	1.09615E-20	1.52588E-05	0.29163226	0.14581613	9.33157E-06
726	7.2726E-123	8.26463E-75	2.4807E-234	5.73286E-46	6.79271E-28	2.15461E-21	4.89588E-06	0.210224104	0.186888139	1.13746E-05
727	9.861E-124	2.11713E-75	9.8284E-237	1.62178E-46	1.29537E-28	4.11702E-22	1.48614E-06	0.14581613	0.2354643	1.38413E-05
728	1.3277E-124	5.39409E-76	3.7853E-239	4.55314E-47	2.41733E-29	7.64734E-23	4.26781E-07	0.097320591	0.29163226	1.68142E-05
729	1.7749E-125	1.3669E-76	1.4172E-241	1.2686E-47	4.4144E-30	1.38086E-23	1.1595E-07	0.0625	0.355069376	2.03909E-05
730	2.3561E-126	3.44513E-77	5.1579E-244	3.50782E-48	7.88861E-31	2.42384E-24	2.98023E-08	0.038621702	0.424969762	2.46861E-05
731	3.1056E-127	8.63617E-78	1.8249E-246	9.62597E-49	1.3795E-31	4.1359E-25	7.24684E-09	0.022964601	0.5	2.98352E-05
732	4.0646E-128	2.1532E-78	6.2762E-249	2.62149E-49	2.36067E-32	6.8604E-26	1.66711E-09	0.013139006	0.578294603	3.59968E-05
733	5.2823E-129	5.33946E-79	2.0984E-251	7.08516E-50	3.95315E-33	1.10622E-26	3.62827E-10	0.007233396	0.657499512	4.33568E-05
734	6.8164E-130	1.31692E-79	6.8198E-254	1.90041E-50	6.47803E-34	1.73399E-27	7.47052E-11	0.003831758	0.734867246	5.21326E-05
735	8.7341E-131	3.23048E-80	2.1547E-256	5.05872E-51	1.03881E-34	2.6422E-28	1.45519E-11	0.001953125	0.807401417	6.25778E-05
736	1.1112E-131	7.88177E-81	6.6176E-259	1.33638E-51	1.63013E-35	3.91379E-29	2.68168E-12	0.00095794	0.872041764	7.49878E-05
737	1.4039E-132	1.91262E-81	1.9758E-261	3.50362E-52	2.50322E-36	5.63563E-30	4.67532E-13	0.000452087	0.925874712	8.97055E-05
738	1.7611E-133	4.61617E-82	5.7343E-264	9.11593E-53	3.76158E-37	7.88861E-31	7.7114E-14	0.000205297	0.966349711	0.000107129
739	2.1935E-134	1.10811E-82	1.6179E-266	2.35386E-53	5.53139E-38	1.07342E-31	1.2033E-14	8.97055E-05	0.991479137	0.000127718
740	2.713E-135	2.64566E-83	4.4373E-269	6.03194E-54	7.9596E-39	1.41989E-32	1.77636E-15	3.77165E-05	1	0.000152005
741	3.3318E-136	6.28248E-84	1.1831E-271	1.53402E-54	1.12083E-39	1.8258E-33	2.48088E-16	1.52588E-05	0.991479137	0.000180601
742	4.0629E-137	1.48381E-84	3.0662E-274	3.87168E-55	1.54448E-40	2.28224E-34	3.27791E-17	5.93998E-06	0.966349711	0.000214212
743	4.9195E-138	3.48555E-85	7.7253E-277	9.69762E-56	2.08266E-41	2.77323E-35	4.09739E-18	2.22498E-06	0.925874712	0.000253644
744	5.9148E-139	8.14356E-86	1.8921E-279	2.41061E-56	2.74819E-42	3.27583E-36	4.84546E-19	8.01941E-07	0.872041764	0.000299823
745	7.0613E-140	1.89237E-86	4.5048E-282	5.94684E-57	3.54868E-43	3.76158E-37	5.42101E-20	2.78122E-07	0.807401417	0.000353805
746	8.3706E-141	4.37365E-87	1.0426E-284	1.45593E-57	4.48416E-44	4.19887E-38	5.73777E-21	9.28121E-08	0.734867246	0.000416794
747	9.8527E-142	1.00538E-87	2.3458E-287	3.53748E-58	5.54481E-45	4.55626E-39	5.74544E-22	2.98023E-08	0.657499512	0.00049016
748	1.1516E-142	2.29862E-88	5.1307E-290	8.52987E-59	6.70944E-46	4.80614E-40	5.44279E-23	9.20813E-09	0.578294603	0.000575457
749	1.3364E-143	5.22697E-89	1.0908E-292	2.04121E-59	7.94471E-47	4.92831E-41	4.87795E-24	2.73759E-09	0.5	0.000674446
750	1.54E-144	1.18218E-89	2.2546E-295	4.84762E-60	9.20583E-48	4.91261E-42	4.1359E-25	7.83146E-10	0.424969762	0.000789114
751	1.7621E-145	2.65927E-90	4.5299E-298	1.14253E-60	1.04386E-48	4.76036E-43	3.31758E-26	2.15572E-10	0.355069376	0.000921703
752	2.0021E-146	5.94963E-91	8.8474E-301	2.6724E-61	1.15827E-49	4.48416E-44	2.51762E-27	5.70976E-11	0.29163226	0.001074735
753	2.2587E-147	1.32393E-91	1.6798E-303	6.20343E-62	1.25769E-50	4.10615E-45	1.80749E-28	1.45519E-11	0.2354643	0.001251037
754	2.5302E-148	2.93016E-92	3.1004E-306	1.42909E-62	1.33638E-51	3.65512E-46	1.22766E-29	3.5686E-12	0.186888139	0.001453778
755	2.8143E-149	6.45006E-93	0	3.26726E-63	1.38957E-52	3.16287E-47	7.88861E-31	8.42078E-13	0.14581613	0.001686494
756	3.1084E-150	1.41216E-93	0	7.41318E-64	1.41391E-53	2.66056E-48	4.79556E-32	1.91198E-13	0.111839845	0.001953125
757	3.4089E-151	3.07506E-94	0	1.66925E-64	1.40785E-54	2.1756E-49	2.75801E-33	4.17724E-14	0.084324681	0.002258053
758	3.7121E-152	6.65996E-95	0	3.73023E-65	1.37178E-55	1.72941E-50	1.50062E-34	8.78156E-15	0.0625	0.002606136
759	4.0139E-153	1.43462E-95	0	8.27266E-66	1.30799E-56	1.33638E-51	7.72434E-36	1.77636E-15	0.045537846	0.003002747
760	4.3096E-154	3.07362E-96	0	1.82076E-66	1.22044E-57	1.00387E-52	3.76158E-37	3.45752E-16	0.032616107	0.003453816
761	4.5944E-155	6.54957E-97	0	3.977E-67	1.11435E-58	7.33051E-54	1.733E-38	6.47554E-17	0.022964601	0.003965869
762	4.8635E-156	1.38811E-97	0	8.62094E-68	9.95682E-60	5.20362E-55	7.55339E-40	1.16698E-17	0.015894719	0.004546073
763	5.1122E-157	2.92605E-98	0	1.8546E-68	8.70587E-61	3.59079E-56	3.11461E-41	2.02361E-18	0.010814688	0.005202273
764	5.3356E-158	6.1346E-99	0	3.95953E-69	7.44897E-62	2.40872E-57	1.21502E-42	3.37649E-19	0.007233396	0.005943041
765	5.5296E-159	1.2792E-99	0	8.38944E-70	6.23697E-63	1.57071E-58	4.48416E-44	5.42101E-20	0.004755954	0.006777711
766	5.6903E-160	2.6531E-100	0	1.76408E-70	5.11026E-64	9.95682E-60	1.56565E-45	8.37475E-21	0.003073975	0.007716425
767	5.8143E-161	5.4726E-101	0	3.6813E-71	4.09738E-65	6.13561E-61	5.17164E-47	1.24491E-21	0.001953125	0.00877017
768	5.8992E-162	1.1228E-101	0	7.62394E-72	3.21486E-66	3.67542E-62	1.61614E-48	1.78067E-22	0.001219908	0.009950815
769	5.9431E-163	2.2911E-102	0	1.56695E-72	2.46837E-67	2.14028E-63	4.77799E-50	2.45077E-23	0.000749016	0.011271147
770	5.9452E-164	4.6499E-103	0	3.19615E-73	1.8546E-68	1.21156E-64	1.33638E-51	3.24563E-24	0.000452087	0.012744896
771	5.9053E-165	9.3861E-104	0	6.46986E-74	1.36359E-69	6.66706E-66	3.53617E-53	4.1359E-25	0.000268238	0.014386769
772	5.8244E-166	1.8844E-104	0	1.29975E-74	9.81096E-71	3.56645E-67	8.85226E-55	5.07129E-26	0.000156454	0.016212464
773	5.7041E-167	3.7628E-105	0	2.59132E-75	6.90766E-72	1.8546E-68	2.09649E-56	5.98333E-27	8.97055E-05	0.018238686
774	5.5469E-168	7.4732E-106	0	5.12719E-76	4.75931E-73	9.37517E-70	4.69729E-58	6.79271E-28	5.05614E-05	0.020483154
775	5.356E-169	1.4762E-106	0	1.00678E-76	3.20884E-74	4.60702E-71	9.95682E-60	7.42026E-29	2.80147E-05	0.022964601
776	5.1352E-170	2.9002E-107	0	1.96193E-77	2.11713E-75	2.20077E-72	1.99669E-61	7.79959E-30	1.52588E-05	0.02570276
777	4.8889E-171	5.6671E-108	0	3.7943E-78	1.3669E-76	1.02198E-73	3.78809E-63	7.88861E-31	8.16999E-06	0.028718343
778	4.6215E-172	1.1014E-108	0	7.28242E-79	8.63617E-78	4.6134E-75	6.79902E-65	7.67724E-32	4.30021E-06	0.032033013
779	4.338E-173	2.129E-109	0	1.38713E-79	5.33946E-79	2.02449E-76	1.15449E-66	7.18929E-33	2.22498E-06	0.03566933
780	4.0432E-174	4.0931E-110	0	2.62212E-80	3.23048E-80	8.63617E-78	1.8546E-68	6.47803E-34	1.13169E-06	0.039650704
781	3.7418E-175	7.8266E-111	0	4.91911E-81	1.91262E-81	3.5813E-79	2.81858E-70	5.61663E-35	5.65846E-07	0.044001312
782	3.4385E-176	1.4885E-111	0	9.15834E-82	1.10811E-82	1.44369E-80	4.05253E-72	4.68582E-36	2.78122E-07	0.048746016
783	3.1376E-177	2.8156E-112	0	1.69217E-82	6.28248E-84	5.65742E-82	5.51239E-74	3.76158E-37	1.34382E-07	0.053910257
784	2.8427E-178	5.2972E-113	0	3.10289E-83	3.48555E-85	2.15515E-83	7.09368E-76	2.90557E-38	6.3828E-08	0.059519936
785	2.5575E-179	9.912E-114	0	5.64658E-84	1.89237E-86	7.98084E-85	8.63617E-78	2.15958E-39	2.98023E-08	0.065601274
786	2.2846E-180	1.8447E-114	0	1.01977E-84	1.00538E-87	2.87299E-86	9.9469E-80	1.54448E-40	1.3679E-08	0.072180664
787	2.0265E-181	3.4146E-115	0	1.82774E-85	5.22697E-89	1.00538E-87	1.08386E-81	1.06285E-41	6.17204E-09	0.079284492
788	1.7849E-182	6.2865E-116	0	3.25105E-86	2.65927E-90	3.42013E-89	1.11731E-83	7.03783E-43	2.73759E-09	0.086938951
789	1.561E-183	1.1511E-116	0	5.73891E-87	1.32393E-91	1.13101E-90	1.08967E-85	4.48416E-44	1.19365E-09	0.095169836
790	1.3555E-184	2.0964E-117	0	1.00538E-87	6.45006E-93	3.63582E-92	1.00538E-87	2.74915E-45	5.11624E-10	0.104002319
791	1.1688E-185	3.7974E-118	0	1.74795E-88	3.07506E-94	1.1362E-93	8.77579E-90	1.62178E-46	2.15572E-10	0.11346071
792	1.0007E-186	6.8414E-119	0	3.01596E-89	1.43462E-95	3.45156E-95	7.247E-92	9.20583E-48	8.92897E-11	0.123568207
793	8.5079E-188	1.2259E-119	0	5.16436E-90	6.54957E-97	1.01928E-96	5.66172E-94	5.02817E-49	3.63561E-11	0.134346627
794	7.1821E-189	2.1847E-120	0	8.77617E-91	2.92605E-98	2.92605E-98	4.18462E-96	2.6426E-50	1.45519E-11	0.14581613
795	6.0202E-190	3.8726E-121	0	1.4801E-91	1.2792E-99	8.1655E-100	2.92605E-98	1.33638E-51	5.72572E-12	0.157994927
796	5.0107E-191	6.8273E-122	0	2.47726E-92	5.4726E-101	2.2151E-101	1.9356E-100	6.50288E-53	2.21466E-12	0.170898988
797	4.141E-192	1.1971E-122	0	4.1148E-93	2.2911E-102	5.8415E-103	1.2114E-102	3.04478E-54	8.42078E-13	0.184541742
798	3.3982E-193	2.0878E-123	0	6.78302E-94	9.3861E-104	1.4975E-104	7.1724E-105	1.37178E-55	3.14749E-13	0.198933771
799	2.769E-194	3.6215E-124	0	1.10967E-94	3.7628E-105	3.7318E-106	4.0175E-107	5.94684E-57	1.15649E-13	0.21408251
800	2.2404E-195	6.2478E-125	0	1.80161E-95	1.4762E-106	9.0405E-108	2.129E-109	2.48065E-58	4.17724E-14	0.229991951
801	1.7999E-196	1.0721E-125	0	2.90285E-96	5.6671E-108	2.129E-109	1.0673E-111	9.95682E-60	1.48321E-14	0.246662348
802	1.4358E-197	1.8296E-126	0	4.64178E-97	2.129E-109	4.8738E-111	5.0623E-114	3.8455E-61	5.17705E-15	0.264089942
803	1.1373E-198	3.1056E-127	0	7.36617E-98	7.8266E-111	1.0846E-112	2.2715E-116	1.42909E-62	1.77636E-15	0.282266693
804	8.9453E-200	5.243E-128	0	1.1601E-98	2.8156E-112	2.3463E-114	9.6427E-119	5.11026E-64	5.99163E-16	0.301180039
805	6.9861E-201	8.8036E-129	0	1.8132E-99	9.912E-114	4.9343E-116	3.8726E-121	1.75834E-65	1.98667E-16	0.320812668
806	5.4175E-202	1.4703E-129	0	2.8125E-100	3.4146E-115	1.0087E-117	1.4714E-123	5.82156E-67	6.47554E-17	0.341142328
807	4.1716E-203	2.4422E-130	0	4.3295E-101	1.1511E-116	2.0046E-119	5.2888E-126	1.8546E-68	2.07488E-17	0.362141656
808	3.1895E-204	4.0346E-131	0	6.6141E-102	3.7974E-118	3.8726E-121	1.7985E-128	5.68511E-70	6.53545E-18	0.38377805
809	2.4215E-205	6.6294E-132	0	1.0028E-102	1.2259E-119	7.2726E-123	5.7861E-131	1.67688E-71	2.02361E-18	0.406013577
810	1.8254E-206	1.0834E-132	0	1.5088E-103	3.8726E-121	1.3277E-124	1.7611E-133	4.75931E-73	6.15947E-19	0.428804916
811	1.3664E-207	1.7611E-133	0	2.2531E-104	1.1971E-122	2.3561E-126	5.0708E-136	1.29975E-74	1.84301E-19	0.452103356
812	1.0156E-208	2.847E-134	0	3.3388E-105	3.6215E-124	4.0646E-128	1.3813E-138	3.41549E-76	5.42101E-20	0.475854828
813	7.495E-210	4.5778E-135	0	4.9104E-106	1.0721E-125	6.8164E-130	3.56E-141	8.63617E-78	1.56747E-20	0.5
814	5.4924E-211	7.3211E-136	0	7.167E-107	3.1056E-127	1.1112E-131	8.6797E-144	2.10119E-79	4.45539E-21	0.524474411
815	3.9966E-212	1.1645E-136	0	1.0381E-107	8.8036E-129	1.7611E-133	2.0021E-146	4.91911E-81	1.24491E-21	0.549208662
816	2.8876E-213	1.8423E-137	0	1.4923E-108	2.4422E-130	2.713E-135	4.3689E-149	1.10811E-82	3.41948E-22	0.574128661
817	2.0716E-214	2.8988E-138	0	2.129E-109	6.6294E-132	4.0629E-137	9.0196E-152	2.40191E-84	9.2331E-23	0.599155917
818	1.4758E-215	4.5366E-139	0	3.0142E-110	1.7611E-133	5.9148E-139	1.7616E-154	5.00963E-86	2.45077E-23	0.624207887
819	1.0439E-216	7.0613E-140	0	4.2352E-111	4.5778E-135	8.3706E-141	3.2551E-157	1.00538E-87	6.39477E-24	0.649198379
820	7.332E-218	1.0932E-140	0	5.9057E-112	1.1645E-136	1.1516E-142	5.6903E-160	1.94148E-89	1.64026E-24	0.674037992
821	5.1134E-219	1.6832E-141	0	8.1728E-113	2.8988E-138	1.54E-144	9.4106E-163	3.60753E-91	4.1359E-25	0.698634617
822	3.5411E-220	2.5778E-142	0	1.1224E-113	7.0613E-140	2.0021E-146	1.4724E-165	6.45006E-93	1.02517E-25	0.722893967
823	2.4349E-221	3.9264E-143	0	1.5298E-114	1.6832E-141	2.5302E-148	2.1794E-168	1.10967E-94	2.49796E-26	0.746720157
824	1.6625E-222	5.9483E-144	0	2.0693E-115	3.9264E-143	3.1084E-150	3.0519E-171	1.83696E-96	5.98333E-27	0.770016311
825	1.1271E-223	8.9628E-145	0	2.7779E-116	8.9628E-145	3.7121E-152	4.0432E-174	2.92605E-98	1.40886E-27	0.792685199
826	7.5875E-225	1.3432E-145	0	3.7007E-117	2.0021E-146	4.3096E-154	5.0675E-177	4.4848E-100	3.26107E-28	0.814629905
827	5.0718E-226	2.0021E-146	0	4.8928E-118	4.3764E-148	4.8635E-156	6.0087E-180	6.6141E-102	7.42026E-29	0.8357545
828	3.3663E-227	2.9681E-147	0	6.4199E-119	9.3613E-150	5.3356E-158	6.7404E-183	9.3861E-104	1.65976E-29	0.855964737
829	2.2185E-228	4.3764E-148	0	8.3598E-120	1.9595E-151	5.6903E-160	7.1534E-186	1.2817E-105	3.64955E-30	0.875168743
830	1.4518E-229	6.418E-149	0	1.0803E-120	4.0139E-153	5.8992E-162	7.1821E-189	1.684E-107	7.88861E-31	0.893277712
831	9.4338E-231	9.3613E-150	0	1.3855E-121	8.0458E-155	5.9452E-164	6.822E-192	2.129E-109	1.67621E-31	0.910206584
832	6.0868E-232	1.3581E-150	0	1.7635E-122	1.5782E-156	5.8244E-166	6.1304E-195	2.5899E-111	3.50125E-32	0.925874712
833	3.8996E-233	1.9595E-151	0	2.2275E-123	3.0294E-158	5.5469E-168	5.2117E-198	3.0316E-113	7.18929E-33	0.940206496
834	2.4807E-234	2.8121E-152	0	2.7924E-124	5.6903E-160	5.1352E-170	4.1917E-201	3.4146E-115	1.45116E-33	0.953131993
835	1.567E-235	4.0139E-153	0	3.4739E-125	1.0459E-161	4.6215E-172	3.1895E-204	3.7007E-117	2.87947E-34	0.964587484
836	9.8284E-237	5.6983E-154	0	4.2891E-126	1.8814E-163	4.0432E-174	2.296E-207	3.8593E-119	5.61663E-35	0.974515996
837	6.1211E-238	8.0458E-155	0	5.2553E-127	3.3116E-165	3.4385E-176	1.5636E-210	3.8726E-121	1.07698E-35	0.982867777
838	3.7853E-239	1.1299E-155	0	6.3905E-128	5.7041E-167	2.8427E-178	1.0074E-213	3.7392E-123	2.03004E-36	0.989600707
839	2.3243E-240	1.5782E-156	0	7.712E-129	9.6146E-169	2.2846E-180	6.1407E-217	3.4739E-125	3.76158E-37	0.994680656
840	1.4172E-241	2.1925E-157	0	9.2362E-130	1.5859E-170	1.7849E-182	3.5411E-220	3.1056E-127	6.85177E-38	0.998081767
841	8.58E-243	3.0294E-158	0	1.0978E-130	2.5598E-172	1.3555E-184	1.9318E-223	2.6714E-129	1.22688E-38	0.999786681
842	5.1579E-244	4.1631E-159	0	1.2949E-131	4.0432E-174	1.0007E-186	9.9706E-227	2.2112E-131	2.15958E-39	0.999786681
843	3.0788E-245	5.6903E-160	0	1.5159E-132	6.2494E-176	7.1821E-189	4.8684E-230	1.7611E-133	3.73683E-40	0.998081767
844	1.8249E-246	7.7356E-161	0	1.7611E-133	9.4525E-178	5.0107E-191	2.2489E-233	1.3496E-135	6.3563E-41	0.994680656
845	1.074E-247	1.0459E-161	0	2.0304E-134	1.3991E-179	3.3982E-193	9.8284E-237	9.9519E-138	1.06285E-41	0.989600707
846	6.2762E-249	1.4066E-162	0	2.3232E-135	2.0265E-181	2.2404E-195	4.0636E-240	7.0613E-140	1.74706E-42	0.982867777
847	3.6419E-250	1.8814E-163	0	2.6381E-136	2.8723E-183	1.4358E-197	1.5894E-243	4.821E-142	2.823E-43	0.974515996
848	2.0984E-251	2.5028E-164	0	2.973E-137	3.9839E-185	8.9453E-200	5.8817E-247	3.1672E-144	4.48416E-44	0.964587484
849	1.2005E-252	3.3116E-165	0	3.325E-138	5.4074E-187	5.4175E-202	2.0591E-250	2.0021E-146	7.00193E-45	0.953131993
850	6.8198E-254	4.358E-166	0	3.6905E-139	7.1821E-189	3.1895E-204	6.8198E-254	1.2178E-148	1.07479E-45	0.940206496
851	3.8469E-255	5.7041E-167	0	4.0651E-140	9.3349E-191	1.8254E-206	2.1369E-257	7.1273E-151	1.62178E-46	0.925874712
852	2.1547E-256	7.4256E-168	0	4.4438E-141	1.1873E-192	1.0156E-208	6.3345E-261	4.0139E-153	2.40564E-47	0.910206584
853	1.1983E-257	9.6146E-169	0	4.821E-142	1.4778E-194	5.4924E-211	1.7765E-264	2.1751E-155	3.50782E-48	0.893277712
854	6.6176E-259	1.2382E-169	0	5.1906E-143	1.7999E-196	2.8876E-213	4.7133E-268	1.1341E-157	5.02817E-49	0.875168743
855	3.6287E-260	1.5859E-170	0	5.5462E-144	2.1452E-198	1.4758E-215	1.1831E-271	5.6903E-160	7.08516E-50	0.855964737
856	1.9758E-261	2.0203E-171	0	5.8812E-145	2.5021E-200	7.332E-218	2.8093E-275	2.7471E-162	9.81424E-51	0.8357545
857	1.0682E-262	2.5598E-172	0	6.1892E-146	2.8557E-202	3.5411E-220	6.3113E-279	1.2761E-164	1.33638E-51	0.814629905
858	5.7343E-264	3.2258E-173	0	6.464E-147	3.1895E-204	1.6625E-222	1.3414E-282	5.7041E-167	1.78884E-52	0.792685199
859	3.0567E-265	4.0432E-174	0	6.6998E-148	3.486E-206	7.5875E-225	2.6971E-286	2.4533E-169	2.35386E-53	0.770016311
860	1.6179E-266	5.0403E-175	0	6.8916E-149	3.7284E-208	3.3663E-227	5.1307E-290	1.0153E-171	3.04478E-54	0.746720157
861	8.5029E-268	6.2494E-176	0	7.0352E-150	3.9022E-210	1.4518E-229	9.2334E-294	4.0432E-174	3.87168E-55	0.722893967
862	4.4373E-269	7.7067E-177	0	7.1273E-151	3.9966E-212	6.0868E-232	1.572E-297	1.5492E-176	4.8396E-56	0.698634617
863	2.2993E-270	9.4525E-178	0	7.166E-152	4.0055E-214	2.4807E-234	2.5321E-301	5.7121E-179	5.94684E-57	0.674037992
864	1.1831E-271	1.1531E-178	0	7.1502E-153	3.9285E-216	9.8284E-237	3.8586E-305	2.0265E-181	7.18341E-58	0.649198379
865	6.0442E-273	1.3991E-179	0	7.0804E-154	3.7704E-218	3.7853E-239	0	6.9179E-184	8.52987E-59	0.624207887
866	3.0662E-274	1.6884E-180	0	6.9582E-155	3.5411E-220	1.4172E-241	0	2.2723E-186	9.95682E-60	0.599155917
867	1.5445E-275	2.0265E-181	0	6.7863E-156	3.2544E-222	5.1579E-244	0	7.1821E-189	1.14253E-60	0.574128661
868	7.7253E-277	2.4192E-182	0	6.5684E-157	2.9269E-224	1.8249E-246	0	2.1843E-191	1.28878E-61	0.549208662
869	3.8368E-278	2.8723E-183	0	6.3094E-158	2.576E-226	6.2762E-249	0	6.392E-194	1.42909E-62	0.524474411
870	1.8921E-279	3.3919E-184	0	6.0147E-159	2.2185E-228	2.0984E-251	0	1.7999E-196	1.55778E-63	0.5
871	9.265E-281	3.9839E-185	0	5.6903E-160	1.8697E-230	6.8198E-254	0	4.8767E-199	1.66925E-64	0.475854828
872	4.5048E-282	4.654E-186	0	5.3426E-161	1.542E-232	2.1547E-256	0	1.2714E-201	1.75834E-65	0.452103356
873	2.1749E-283	5.4074E-187	0	4.9781E-162	1.2445E-234	6.6176E-259	0	3.1895E-204	1.82076E-66	0.428804916
874	1.0426E-284	6.2488E-188	0	4.6033E-163	9.8284E-237	1.9758E-261	0	7.699E-207	1.85339E-67	0.406013577
875	4.9631E-286	7.1821E-189	0	4.2245E-164	7.5957E-239	5.7343E-264	0	1.7882E-209	1.8546E-68	0.38377805
876	2.3458E-287	8.2103E-190	0	3.8475E-165	5.7445E-241	1.6179E-266	0	3.9966E-212	1.82432E-69	0.362141656
877	1.101E-288	9.3349E-191	0	3.4776E-166	4.2513E-243	4.4373E-269	0	8.5946E-215	1.76408E-70	0.341142328
878	5.1307E-290	1.0556E-191	0	3.1194E-167	3.0788E-245	1.1831E-271	0	1.7784E-217	1.67688E-71	0.320812668
879	2.3741E-291	1.1873E-192	0	2.7769E-168	2.1819E-247	3.0662E-274	0	3.5411E-220	1.56695E-72	0.301180039
880	1.0908E-292	1.3282E-193	0	2.4533E-169	1.5132E-249	7.7253E-277	0	6.7842E-223	1.43937E-73	0.282266693
881	4.9768E-294	1.4778E-194	0	2.151E-170	1.0269E-251	1.8921E-279	0	1.2507E-225	1.29975E-74	0.264089942
882	2.2546E-295	1.6353E-195	0	1.8716E-171	6.8198E-254	4.5048E-282	0	2.2185E-228	1.15375E-75	0.246662348
883	1.0142E-296	1.7999E-196	0	1.6162E-172	4.432E-256	1.0426E-284	0	3.7867E-231	1.00678E-76	0.229991951
884	4.5299E-298	1.9703E-197	0	1.3851E-173	2.8185E-258	2.3458E-287	0	6.2192E-234	8.63617E-78	0.21408251
885	2.009E-299	2.1452E-198	0	1.178E-174	1.754E-260	5.1307E-290	0	9.8284E-237	7.28242E-79	0.198933771
886	8.8474E-301	2.3231E-199	0	9.9429E-176	1.0682E-262	1.0908E-292	0	1.4945E-239	6.03667E-80	0.184541742
887	3.8688E-302	2.5021E-200	0	8.3287E-177	6.3657E-265	2.2546E-295	0	2.1868E-242	4.91911E-81	0.170898988
888	1.6798E-303	2.6803E-201	0	6.9237E-178	3.7123E-267	4.5299E-298	0	3.0788E-245	3.94042E-82	0.157994927
889	7.2422E-305	2.8557E-202	0	5.7121E-179	2.1185E-269	8.8474E-301	0	4.171E-248	3.10289E-83	0.14581613
890	3.1004E-306	3.0262E-203	0	4.6768E-180	1.1831E-271	1.6798E-303	0	5.4371E-251	2.40191E-84	0.134346627
891	1.3179E-307	3.1895E-204	0	3.8001E-181	6.4651E-274	3.1004E-306	0	6.8198E-254	1.82774E-85	0.123568207
892	0	3.3435E-205	0	3.0644E-182	3.4573E-276	0	0	8.231E-257	1.36722E-86	0.11346071
893	0	3.486E-206	0	2.4524E-183	1.8092E-278	0	0	9.559E-260	1.00538E-87	0.104002319
894	0	3.6149E-207	0	1.9477E-184	9.265E-281	0	0	1.0682E-262	7.26759E-89	0.095169836
895	0	3.7284E-208	0	1.5352E-185	4.6429E-283	0	0	1.1486E-265	5.16436E-90	0.086938951
896	0	3.8246E-209	0	1.2009E-186	2.2768E-285	0	0	1.1883E-268	3.60753E-91	0.079284492
897	0	3.9022E-210	0	9.3224E-188	1.0926E-287	0	0	1.1831E-271	2.47726E-92	0.072180664
898	0	3.9598E-211	0	7.1821E-189	5.1307E-290	0	0	1.1333E-274	1.67224E-93	0.065601274
899	0	3.9966E-212	0	5.4913E-190	2.3577E-292	0	0	1.0446E-277	1.10967E-94	0.059519936
900	0	4.0119E-213	0	4.1667E-191	1.0602E-294	0	0	9.265E-281	7.23862E-96	0.053910257
901	0	4.0055E-214	0	3.1377E-192	4.6655E-297	0	0	7.907E-284	4.64178E-97	0.048746016
902	0	3.9776E-215	0	2.3449E-193	2.009E-299	0	0	6.4932E-287	2.92605E-98	0.044001312
903	0	3.9285E-216	0	1.7391E-194	8.4659E-302	0	0	5.1307E-290	1.8132E-99	0.039650704
904	0	3.859E-217	0	1.2801E-195	3.491E-304	0	0	3.9009E-293	1.1045E-100	0.03566933
905	0	3.7704E-218	0	9.3505E-197	1.4087E-306	0	0	2.8539E-296	6.6141E-102	0.032033013
906	0	3.6638E-219	0	6.7785E-198	0	0	0	2.009E-299	3.8935E-103	0.028718343
907	0	3.5411E-220	0	4.8767E-199	0	0	0	1.3608E-302	2.2531E-104	0.02570276
908	0	3.4039E-221	0	3.4819E-200	0	0	0	8.8697E-306	1.2817E-105	0.022964601
909	0	3.2544E-222	0	2.4672E-201	0	0	0	0	7.167E-107	0.020483154
910	0	3.0947E-223	0	1.735E-202	0	0	0	0	3.9398E-108	0.018238686
911	0	2.9269E-224	0	1.2108E-203	0	0	0	0	2.129E-109	0.016212464
912	0	2.7533E-225	0	8.3859E-205	0	0	0	0	1.1309E-110	0.014386769
913	0	2.576E-226	0	5.764E-206	0	0	0	0	5.9057E-112	0.012744896
914	0	2.3971E-227	0	3.9318E-207	0	0	0	0	3.0316E-113	0.011271147
915	0	2.2185E-228	0	2.6617E-208	0	0	0	0	1.5298E-114	0.009950815
916	0	2.0422E-229	0	1.7882E-209	0	0	0	0	7.589E-116	0.00877017
917	0	1.8697E-230	0	1.1923E-210	0	0	0	0	3.7007E-117	0.007716425
918	0	1.7026E-231	0	7.8893E-212	0	0	0	0	1.774E-118	0.006777711
919	0	1.542E-232	0	5.1807E-213	0	0	0	0	8.3598E-120	0.005943041
920	0	1.389E-233	0	3.3763E-214	0	0	0	0	3.8726E-121	0.005202273
921	0	1.2445E-234	0	2.1837E-215	0	0	0	0	1.7635E-122	0.004546073
922	0	1.109E-235	0	1.4016E-216	0	0	0	0	7.8943E-124	0.003965869
923	0	9.8284E-237	0	8.9282E-218	0	0	0	0	3.4739E-125	0.003453816
924	0	8.6637E-238	0	5.6442E-219	0	0	0	0	1.5028E-126	0.003002747
925	0	7.5957E-239	0	3.5411E-220	0	0	0	0	6.3905E-128	0.002606136
926	0	6.6235E-240	0	2.2048E-221	0	0	0	0	2.6714E-129	0.002258053
927	0	5.7445E-241	0	1.3623E-222	0	0	0	0	1.0978E-130	0.001953125
928	0	4.9552E-242	0	8.3543E-224	0	0	0	0	4.4347E-132	0.001686494
929	0	4.2513E-243	0	5.0842E-225	0	0	0	0	1.7611E-133	0.001453778
930	0	3.6277E-244	0	3.0707E-226	0	0	0	0	6.8746E-135	0.001251037
931	0	3.0788E-245	0	1.8406E-227	0	0	0	0	2.6381E-136	0.001074735
932	0	2.5989E-246	0	1.0949E-228	0	0	0	0	9.9519E-138	0.000921703
933	0	2.1819E-247	0	6.4634E-230	0	0	0	0	3.6905E-139	0.000789114
934	0	1.822E-248	0	3.7867E-231	0	0	0	0	1.3453E-140	0.000674446
935	0	1.5132E-249	0	2.2017E-232	0	0	0	0	4.821E-142	0.000575457
936	0	1.2499E-250	0	1.2704E-233	0	0	0	0	1.6983E-143	0.00049016
937	0	1.0269E-251	0	7.2752E-235	0	0	0	0	5.8812E-145	0.000416794
938	0	8.3913E-253	0	4.1346E-236	0	0	0	0	2.0021E-146	0.000353805
939	0	6.8198E-254	0	2.3319E-237	0	0	0	0	6.6998E-148	0.000299823
940	0	5.5127E-255	0	1.3052E-238	0	0	0	0	2.204E-149	0.000253644
941	0	4.432E-256	0	7.2505E-240	0	0	0	0	7.1273E-151	0.000214212
942	0	3.544E-257	0	3.9971E-241	0	0	0	0	2.2657E-152	0.000180601
943	0	2.8185E-258	0	2.1868E-242	0	0	0	0	7.0804E-154	0.000152005
944	0	2.2295E-259	0	1.1873E-243	0	0	0	0	2.1751E-155	0.000127718
945	0	1.754E-260	0	6.3979E-245	0	0	0	0	6.5684E-157	0.000107129
946	0	1.3725E-261	0	3.4213E-246	0	0	0	0	1.9499E-158	8.97055E-05
947	0	1.0682E-262	0	1.8157E-247	0	0	0	0	5.6903E-160	7.49878E-05
948	0	8.2684E-264	0	9.5632E-249	0	0	0	0	1.6324E-161	6.25778E-05
949	0	6.3657E-265	0	4.9986E-250	0	0	0	0	4.6033E-163	5.21326E-05
950	0	4.8744E-266	0	2.593E-251	0	0	0	0	1.2761E-164	4.33568E-05
